state: dc
w: 400
h: 498.1
minlng: -77.119759
maxlat: 38.995548
kx: 0.778313
s: 2443.036614
path: M0.0,149.5L13.7,135.6L13.8,135.5L29.0,120.0L35.1,114.9L36.2,113.9L36.6,113.6L53.7,95.4L53.9,95.2L54.0,95.1L64.5,84.7L71.3,78.0L80.5,69.0L91.5,58.1L96.6,53.0L124.5,25.5L128.4,21.6L129.5,20.5L139.0,10.8L149.7,0.0L157.8,8.4L158.7,9.4L163.6,14.2L168.3,18.8L177.0,27.3L177.2,27.5L188.7,38.8L192.1,42.2L194.8,44.8L198.1,48.0L201.5,51.6L211.4,61.6L211.9,62.1L212.9,63.2L220.7,71.3L222.5,73.2L222.8,73.4L223.0,73.6L232.5,83.1L232.7,83.3L243.1,93.7L250.7,101.1L254.5,104.9L269.9,120.2L277.6,127.9L288.3,138.5L297.2,147.4L306.1,156.1L308.1,158.2L338.1,188.0L338.2,188.0L351.1,200.9L357.5,207.5L357.7,207.6L373.1,223.4L373.3,223.6L392.4,243.1L393.4,244.2L400.0,250.9L397.3,253.7L392.6,258.4L392.6,258.4L382.6,268.4L381.2,269.8L379.5,271.5L372.3,278.7L372.2,278.9L353.7,297.4L351.4,299.8L342.8,308.4L329.0,322.3L323.4,327.9L315.8,334.8L307.3,343.5L300.1,350.9L297.2,353.9L293.4,357.8L291.3,360.0L279.2,372.5L266.7,385.4L256.3,395.1L251.8,399.3L244.2,406.4L241.6,408.8L235.4,415.7L227.7,424.2L225.1,425.2L224.9,425.3L224.9,425.4L156.3,495.4L153.5,498.1L153.7,485.1L153.8,475.7L154.1,473.8L155.5,465.4L157.0,457.0L159.6,441.3L155.3,439.6L154.0,429.8L153.4,425.4L153.8,421.7L155.3,407.8L153.2,399.0L149.4,395.4L146.7,395.1L145.0,396.6L142.3,392.9L142.2,383.6L143.1,381.0L143.7,379.5L148.4,379.5L165.4,375.8L167.4,354.3L167.1,353.5L153.0,320.6L153.8,316.9L153.4,311.3L150.5,303.8L149.6,302.5L145.4,296.9L141.4,294.0L139.1,294.7L141.0,299.4L139.7,303.5L134.4,305.0L130.2,298.9L130.6,294.0L124.8,284.5L122.8,282.3L116.9,282.1L107.0,261.3L104.8,253.4L99.7,235.4L98.0,233.9L95.8,232.5L94.4,231.7L93.4,231.6L76.9,229.5L71.4,228.8L70.2,228.3L56.2,223.1L49.5,219.0L35.6,206.6L35.3,206.3L31.1,201.9L27.3,191.4L25.6,186.7L12.1,171.8L6.0,162.8L5.6,161.4L3.5,154.2L0.0,149.5Z
