state: ut
w: 400
h: 517.5
minlng: -114.052962
maxlat: 42.001567
kx: 0.771627
s: 103.430766
path: M0.0,456.0L0.0,454.8L0.1,440.2L0.1,440.1L0.1,440.1L0.1,439.1L0.2,438.1L0.4,433.6L0.3,432.1L0.2,429.1L0.3,426.2L0.2,413.9L0.2,398.5L0.2,398.5L0.2,388.0L0.3,386.5L0.2,372.0L0.2,372.0L0.2,362.2L0.2,357.6L0.2,357.2L0.2,354.6L0.2,354.6L0.2,343.8L0.3,338.5L0.3,336.3L0.3,323.4L0.4,323.3L0.4,323.0L0.3,309.9L0.5,258.7L0.4,254.3L0.5,231.9L0.4,228.3L0.5,225.5L0.5,216.7L0.5,216.7L0.5,207.3L0.5,203.9L0.5,196.9L0.5,196.2L0.5,194.9L0.5,183.0L0.5,165.8L0.6,163.1L0.6,162.5L0.6,155.9L0.6,155.7L0.6,154.6L0.8,131.9L0.7,128.6L0.7,128.5L0.8,127.2L0.9,103.6L0.9,103.6L0.9,82.1L0.8,81.8L0.9,80.8L1.0,52.7L1.0,51.9L1.0,40.0L1.0,39.9L1.0,39.0L1.0,25.6L0.9,15.6L0.9,15.6L1.1,12.1L0.9,0.8L4.7,0.9L12.7,1.4L18.4,1.4L20.5,1.3L23.0,1.3L23.0,1.3L44.1,0.9L44.4,0.9L49.6,0.8L51.9,0.8L52.4,0.8L55.5,0.8L56.9,0.7L64.0,0.6L64.2,0.6L84.0,0.3L84.0,0.3L85.7,0.3L91.3,0.3L93.4,0.3L93.6,0.3L97.4,0.2L97.4,0.2L100.9,0.2L107.2,0.1L112.1,0.1L127.9,0.1L127.9,0.0L133.0,0.0L142.7,0.1L144.8,0.0L148.4,0.0L150.0,0.5L150.7,0.5L150.8,0.5L155.1,0.4L155.1,0.4L162.9,0.3L169.1,0.3L170.6,0.3L170.6,0.3L172.1,0.3L173.7,0.3L183.7,0.2L184.6,0.2L203.1,0.2L203.1,0.2L203.2,0.2L206.0,0.2L209.7,0.1L210.1,0.1L210.5,0.1L219.7,0.1L239.9,0.0L240.0,43.6L240.0,45.1L240.0,49.6L240.0,64.5L239.9,66.3L239.9,77.6L239.9,77.6L239.9,77.9L239.9,103.8L241.0,103.8L253.9,103.9L263.6,103.9L266.4,104.0L275.0,104.0L280.4,104.0L283.5,104.1L293.5,104.1L303.5,104.0L304.5,104.1L313.4,103.9L313.8,103.9L319.6,103.8L322.9,103.8L323.4,103.9L323.5,103.9L325.4,103.8L335.0,103.8L335.1,103.8L346.2,103.8L346.3,103.8L349.3,103.8L358.2,103.8L360.6,103.8L363.3,103.7L383.3,103.5L384.8,103.4L389.4,103.5L399.3,103.5L399.4,121.6L399.4,133.1L399.4,138.5L399.4,139.4L399.4,143.0L399.3,151.1L399.3,151.2L399.2,155.3L399.3,155.8L399.2,161.1L399.2,184.0L399.2,188.3L399.2,188.3L399.2,189.1L399.2,200.9L399.2,200.9L399.2,220.0L399.2,242.1L399.2,259.0L399.2,259.0L399.2,272.5L399.2,297.4L399.2,298.4L399.1,310.5L399.0,316.4L399.0,316.4L399.0,320.3L399.0,320.3L399.0,323.4L398.7,331.6L398.5,339.4L398.5,351.9L398.5,362.2L398.5,362.2L398.5,385.4L398.9,388.6L399.9,396.9L399.9,398.1L399.9,414.0L399.9,414.2L399.8,416.5L400.0,423.5L400.0,426.2L399.9,427.0L399.9,430.2L399.9,430.9L400.0,434.6L399.9,439.7L400.0,440.8L399.9,443.6L399.9,443.8L399.9,448.4L399.9,452.8L399.9,453.4L399.9,454.8L399.9,462.4L399.9,462.4L399.8,465.6L399.8,467.2L399.6,478.5L399.6,480.1L399.6,491.5L399.6,491.5L399.6,492.5L399.6,495.5L399.6,496.4L399.6,499.0L399.7,505.7L399.7,505.7L399.7,506.0L399.7,507.4L399.7,508.4L399.7,509.6L399.7,509.8L399.7,517.4L388.8,517.4L384.6,517.4L383.6,517.4L382.3,517.4L381.9,517.4L381.7,517.4L373.1,517.4L372.9,517.4L363.7,517.4L353.3,517.5L347.5,517.5L346.6,517.5L333.4,517.5L323.4,517.5L323.4,517.5L323.4,517.5L321.7,517.5L286.2,517.5L285.9,517.5L284.3,516.9L283.5,516.9L275.6,517.0L273.5,517.0L273.5,516.9L263.6,517.0L238.3,517.1L233.0,517.2L223.3,517.2L221.4,517.3L216.4,517.2L211.3,517.2L211.3,517.2L210.8,517.2L210.7,517.2L135.3,517.2L134.4,517.2L133.7,517.2L120.9,517.2L120.7,517.2L120.3,517.2L119.2,517.2L115.2,517.2L97.6,517.3L95.1,517.3L92.1,517.3L87.3,517.3L86.7,517.3L84.1,517.3L77.7,517.3L62.1,517.3L59.6,517.3L51.3,517.3L47.5,517.3L34.2,517.3L6.9,517.3L6.9,517.3L0.2,517.3L0.1,508.2L0.1,507.9L0.0,506.6L0.1,503.4L0.1,502.1L0.1,499.5L0.1,493.1L0.1,488.0L0.1,487.9L0.1,487.0L0.1,487.0L0.1,479.0L0.1,479.0L0.1,474.1L0.0,472.7L0.0,468.5L0.0,466.4L0.0,465.3L0.0,465.3L0.0,463.8L0.0,463.8L0.0,462.4L0.0,456.0Z
