state: wy
w: 400
h: 313.2
minlng: -111.056888
maxlat: 45.005904
kx: 0.73135
s: 78.080673
path: M0.0,10.9L0.1,5.6L0.0,5.5L0.1,0.4L0.7,0.4L0.7,0.4L15.5,0.2L16.9,0.5L17.5,0.6L20.1,1.1L28.8,1.1L29.1,1.0L32.5,1.1L37.3,0.9L39.6,0.4L40.8,0.5L41.8,0.5L44.0,0.7L49.0,0.8L54.1,0.2L58.8,0.2L58.9,0.2L60.3,0.2L60.6,0.2L67.4,0.2L71.8,0.3L71.9,0.3L74.6,0.3L79.6,0.3L84.7,0.3L95.4,0.1L96.0,0.1L102.1,0.0L102.4,0.0L111.5,0.0L112.7,0.5L113.9,0.5L113.9,0.5L114.2,0.5L139.1,0.4L141.5,0.4L142.2,0.4L146.0,0.5L159.1,0.4L160.3,0.5L160.3,0.5L161.0,0.4L162.1,0.4L166.0,0.4L174.5,0.4L174.7,0.3L179.6,0.4L181.3,0.4L188.8,0.4L196.9,0.4L197.0,0.4L203.6,0.3L211.6,0.4L224.0,0.5L224.5,0.5L225.6,0.6L226.8,0.7L227.4,0.7L228.8,0.7L231.4,0.8L237.3,0.8L237.8,0.8L238.0,0.8L273.7,0.9L273.7,0.9L287.4,1.0L292.9,1.0L293.7,0.5L293.7,0.4L297.4,0.4L324.7,0.4L341.5,0.4L343.7,0.4L343.7,0.4L344.4,0.4L344.8,0.4L344.8,0.4L359.3,0.5L359.6,0.5L361.5,0.5L365.0,0.6L365.1,0.5L376.1,0.6L376.1,0.6L388.7,0.6L399.7,0.7L399.8,10.2L399.8,10.8L399.8,18.6L399.8,18.6L399.8,20.0L399.8,22.0L399.8,22.1L399.8,23.8L399.8,24.4L399.8,24.6L399.8,28.5L399.8,34.0L399.8,36.1L399.8,38.1L399.8,38.1L399.8,44.9L399.8,59.0L399.9,64.5L399.9,67.5L399.8,83.4L399.8,83.5L399.8,90.0L399.8,98.0L399.8,98.3L399.8,111.0L399.8,111.1L399.8,111.4L399.8,113.0L399.8,117.3L399.9,117.3L399.9,119.3L399.9,123.1L399.9,126.1L399.9,131.2L399.9,132.9L399.9,133.4L399.9,134.0L399.9,156.6L400.0,175.8L400.0,176.1L400.0,183.9L400.0,185.2L400.0,185.4L400.0,186.9L400.0,186.9L400.0,187.0L399.9,195.7L400.0,214.5L400.0,215.2L399.9,215.2L400.0,221.4L400.0,221.7L400.0,224.0L400.0,224.3L400.0,224.9L400.0,227.2L400.0,227.7L400.0,228.8L400.0,233.0L400.0,233.4L400.0,234.6L400.0,234.8L400.0,235.1L400.0,235.1L400.0,235.5L400.0,236.6L400.0,236.8L400.0,241.3L400.0,242.0L400.0,243.6L400.0,245.9L400.0,255.5L400.0,258.3L400.0,262.4L400.0,263.0L400.0,264.1L400.0,264.9L400.0,266.5L400.0,268.7L400.0,269.6L400.0,269.6L400.0,270.5L400.0,270.7L400.0,272.0L400.0,272.5L400.0,280.2L400.0,281.0L400.0,282.1L400.0,282.1L400.0,287.0L400.0,287.7L400.0,287.7L400.0,288.1L400.0,291.1L400.0,291.1L400.0,291.3L399.9,297.2L399.9,300.5L399.9,303.8L399.9,304.6L400.0,305.7L399.9,305.8L399.9,311.4L399.9,311.5L399.9,312.7L399.2,312.7L398.1,312.7L397.0,312.7L395.9,312.7L390.9,312.7L390.7,312.7L390.7,312.7L376.3,312.7L374.6,312.6L374.6,312.6L364.4,312.7L358.8,312.8L355.6,312.8L354.1,312.9L349.1,312.9L331.3,312.9L331.2,312.9L330.1,312.9L330.0,312.9L322.3,313.0L304.5,313.0L304.2,313.0L301.9,313.0L285.3,313.0L277.9,313.0L276.3,313.0L270.4,312.9L266.7,312.7L266.4,312.7L264.2,312.6L263.8,312.6L263.7,312.6L262.9,312.6L239.8,312.6L231.6,312.5L217.9,312.6L214.4,312.6L213.5,312.6L210.7,312.5L195.9,312.6L179.2,312.6L171.9,312.6L164.2,312.7L160.2,312.8L146.0,312.8L144.5,312.8L138.5,312.8L124.1,312.8L114.6,312.7L107.5,312.7L104.2,312.6L103.1,312.7L88.9,312.9L86.9,312.9L85.2,312.9L78.8,312.9L76.7,312.9L76.6,312.9L68.7,313.0L68.6,313.0L61.8,312.9L60.4,313.0L60.3,313.0L60.0,313.0L57.6,313.0L53.4,313.0L53.2,313.1L46.8,313.1L46.0,313.1L38.9,313.2L31.8,313.2L29.5,313.1L25.7,313.1L19.5,313.1L17.5,313.0L10.6,313.0L1.3,312.9L0.6,312.9L0.6,293.4L0.6,293.1L0.6,293.1L0.6,284.6L0.6,283.3L0.6,272.1L0.6,268.6L0.6,267.5L0.6,234.6L0.6,223.6L0.6,223.1L0.6,220.4L0.6,219.5L0.6,212.8L0.6,207.4L0.6,203.4L0.6,195.3L0.6,194.6L0.6,189.2L0.7,184.1L0.8,178.3L0.7,167.8L0.7,166.4L0.7,159.4L0.7,159.0L0.7,158.6L0.7,155.2L0.7,155.1L0.7,154.9L0.7,154.7L0.7,154.7L0.7,154.6L0.7,154.3L0.7,153.4L0.7,153.1L0.7,153.0L0.7,152.3L0.7,151.9L0.7,151.5L0.7,151.3L0.7,151.0L0.7,143.0L0.7,142.8L0.7,142.8L0.7,142.2L0.7,141.8L0.7,141.4L0.7,132.0L0.7,117.5L0.7,114.2L0.6,108.2L0.6,105.2L0.6,103.6L0.6,103.4L0.6,103.1L0.6,103.1L0.6,102.9L0.6,100.2L0.6,99.9L0.6,99.9L0.6,95.5L0.6,92.9L0.6,89.4L0.6,85.7L0.6,80.5L0.6,79.8L0.5,78.5L0.4,77.0L0.5,73.8L0.5,73.8L0.5,73.6L0.5,69.6L0.4,68.8L0.4,68.2L0.4,50.9L0.4,49.3L0.4,44.5L0.4,44.3L0.5,41.5L0.3,41.2L0.1,29.7L0.1,26.5L0.1,21.9L0.0,20.0L0.0,10.9Z
